6.3  1
7.2  1
7.1  1
10.4  1
9.2  1
7.7  1
6.2  1
8.1  1
6.9  1
15.0  1
12.5  1
9.9  1
6.6  1
5.8  1
5.7  2
8.3  2
5.6  2
6.4  2
7.3  2
6.5  2
6.0  3
4.9  3
5.1  3
5.0  4
5.5  4
6.1  4
4.6  5
0.0  5
4.1  5
4.2  6
5.4  6
4.5  6
4.8  7
3.9  7
5.3  7
4.3  9
4.4  9
4.7  10
3.8  13
4.0  13
3.7  19
3.6  22
3.5  27
3.3  30
3.2  35
3.4  37
2.9  41
3.1  41
3.0  52
2.8  53
2.6  76
2.7  77
2.5  81
0.1  88
2.4  122
2.3  127
2.2  146
2.1  182
1.9  192
2.0  237
1.8  246
1.7  298
1.6  358
1.5  446
1.4  474
0.2  600
1.3  605
1.2  667
1.1  729
0.9  870
1.0  885
0.8  1112
0.7  1207
0.3  1212
0.6  1309
0.4  1399
0.5  1405
