30  30
37   46   66   69   63   63   72   75   82   98   81   70   77   67   60   84   70   65   84   71   63   71   69   60   60   55   53   60   55   26  
96   166   192   190   207   211   189   179   235   216   212   242   218   256   221   246   237   213   219   206   214   209   206   180   200   196   178   193   177   101  
118   259   275   279   281   281   282   264   249   292   292   294   333   319   349   361   298   294   313   295   280   284   282   291   281   267   268   264   275   138  
154   309   316   302   282   319   323   346   346   373   340   410   349   386   385   453   348   380   348   349   344   331   357   363   301   344   305   337   330   162  
142   285   317   326   354   372   355   377   379   390   394   399   439   451   480   522   425   457   384   436   406   431   377   378   399   332   364   356   329   189  
171   361   402   392   404   452   395   414   441   439   464   417   458   469   544   594   475   447   481   434   447   470   479   441   403   437   408   409   406   221  
197   371   420   432   433   477   502   479   480   503   487   552   558   580   627   654   592   549   523   509   493   464   530   485   449   536   446   424   410   222  
233   435   476   506   493   526   556   557   543   588   580   576   599   606   735   759   635   564   595   593   579   554   583   542   531   514   454   500   469   269  
231   479   532   518   550   540   576   595   583   638   645   679   666   729   826   834   705   694   656   597   679   617   640   583   618   585   543   542   501   285  
274   517   593   585   644   612   650   669   701   698   765   763   772   823   941   982   931   856   803   732   753   673   699   675   627   679   625   605   554   334  
272   592   613   656   674   676   699   739   757   746   814   878   830   927   1001   1121   930   918   860   821   757   762   799   726   736   704   687   681   604   409  
345   608   636   723   748   764   788   840   845   870   924   955   1018   1029   1158   1254   1033   1012   954   963   894   886   863   812   788   722   720   710   676   415  
377   669   739   792   832   875   871   897   999   978   1008   1083   1126   1234   1402   1554   1233   1178   1070   1071   1001   935   940   870   915   826   777   776   697   427  
399   716   765   797   873   935   902   1022   1091   1107   1159   1211   1339   1481   1815   1953   1441   1259   1316   1173   1146   1089   1009   976   924   862   843   769   748   452  
424   797   891   954   998   1066   1105   1266   1315   1415   1449   1567   1703   1969   3153   4536   1881   1627   1512   1472   1396   1341   1234   1145   1100   1021   925   889   848   482  
442   864   889   992   1044   1144   1208   1318   1417   1456   1558   1710   1860   2205   3075   4162   2095   1826   1639   1585   1528   1396   1333   1228   1101   1061   974   1013   890   517  
423   814   882   925   979   1085   1177   1250   1348   1454   1487   1608   1820   2001   2492   2961   1980   1729   1537   1483   1390   1365   1303   1180   1134   1021   926   975   843   564  
427   807   884   953   1030   1088   1206   1207   1353   1382   1442   1499   1585   1758   2181   2497   1706   1576   1551   1431   1379   1300   1192   1200   1051   999   942   909   856   521  
445   707   793   874   970   1052   1127   1152   1188   1215   1292   1387   1477   1558   1870   2184   1549   1445   1319   1314   1217   1274   1102   1032   1052   990   921   830   782   469  
387   694   766   824   911   960   939   1100   1091   1194   1211   1200   1329   1423   1519   1870   1363   1314   1185   1174   1073   1122   1065   960   960   913   811   788   768   405  
332   640   706   762   811   846   918   897   986   924   1043   1059   1057   1158   1394   1607   1132   1109   1037   1048   1004   901   961   825   839   805   812   714   668   403  
287   555   628   663   687   776   795   864   853   957   855   930   1038   1082   1187   1356   955   1008   1000   879   867   856   817   801   727   722   689   659   572   325  
240   483   564   605   607   664   705   756   754   784   805   808   864   846   1047   1281   925   844   862   756   766   749   738   735   642   689   606   672   487   297  
215   474   528   511   557   557   615   639   652   643   681   721   753   809   863   1066   799   692   690   665   704   664   629   552   567   564   528   488   438   239  
183   413   435   515   531   528   517   522   551   577   602   596   664   662   726   898   621   636   573   577   532   553   513   579   533   505   468   452   428   228  
141   359   438   411   494   492   444   433   492   471   475   504   516   531   665   783   535   508   493   494   489   498   463   459   407   396   425   412   371   161  
148   303   342   367   355   381   338   380   402   385   391   389   419   438   473   532   404   403   381   387   363   383   397   352   332   369   337   358   334   181  
136   285   310   295   318   292   289   283   300   306   282   305   340   347   345   421   373   323   266   284   260   246   297   280   262   312   272   302   259   147  
103   211   197   215   203   181   214   189   203   214   219   215   211   227   228   227   208   213   198   207   228   179   192   208   183   179   174   199   183   130  
28   72   61   66   77   79   76   71   69   71   77   71   67   82   93   91   83   63   81   70   79   85   81   87   64   75   65   72   56   32  
