0.5  239661
1.0  160044
1.5  81077
2.0  38828
2.5  22129
0.0  19293
3.0  13285
3.5  8204
4.0  5432
4.5  3927
5.0  2724
5.5  1968
6.0  1494
6.5  1210
7.0  942
7.5  771
8.0  584
8.5  491
9.0  400
9.5  340
10.0  275
10.5  237
11.0  202
12.0  170
11.5  169
12.5  114
13.0  107
13.5  101
14.0  84
14.5  69
15.0  67
15.5  52
16.0  51
16.5  43
17.0  39
18.0  34
18.5  31
19.5  27
17.5  26
20.5  22
21.0  20
19.0  19
20.0  17
21.5  11
23.0  9
22.0  9
25.5  8
25.0  8
22.5  7
28.0  6
26.0  6
24.0  5
24.5  5
26.5  5
31.5  4
27.5  4
23.5  4
27.0  4
32.5  3
29.5  3
31.0  3
30.5  2
29.0  2
62.0  1
43.5  1
28.5  1
144.0  1
39.5  1
35.5  1
50.5  1
36.0  1
40.5  1
34.0  1
77.0  1
67.0  1
36.5  1
45.5  1
44.0  1
45.0  1
35.0  1
33.0  1
