60  60
3   3   4   1   4   5   7   6   3   8   4   6   4   4   5   7   7   11   3   6   6   9   3   7   7   5   9   5   3   6   5   7   4   5   6   7   6   2   7   4   5   7   10   4   5   7   4   7   7   3   5   6   8   4   4   6   8   3   2   1  
5   26   21   20   23   34   25   31   28   24   23   30   36   28   30   33   40   24   47   42   31   35   32   28   33   32   26   27   24   27   39   33   34   27   30   22   36   40   35   25   23   28   35   22   31   26   22   27   21   29   24   20   24   17   26   24   18   26   19   4  
10   38   30   40   41   38   33   45   39   39   46   50   36   36   45   37   51   51   55   46   40   47   61   52   47   41   54   42   48   52   56   48   48   47   51   44   55   41   51   43   41   52   45   50   40   55   33   51   47   42   36   44   42   34   41   40   42   38   35   19  
13   35   42   54   53   60   55   57   56   73   62   53   68   49   50   47   62   71   54   61   66   59   66   63   70   60   82   78   59   62   82   60   71   71   51   67   65   58   52   60   58   63   53   61   52   59   41   55   58   53   48   68   55   47   57   55   56   41   34   13  
13   41   58   70   55   62   66   61   75   68   59   73   71   72   57   68   60   65   69   66   67   69   62   79   70   72   71   80   76   86   89   84   84   66   66   75   63   73   71   74   63   50   67   67   67   60   58   71   70   67   57   70   64   65   66   48   59   66   49   15  
15   49   64   67   89   69   70   82   74   64   77   72   77   62   68   71   60   64   82   75   76   80   65   88   103   88   77   91   87   100   107   81   76   72   73   80   90   87   76   74   70   97   69   81   79   76   75   87   65   79   74   66   81   58   70   80   69   81   58   16  
11   62   75   77   84   71   77   75   71   59   76   80   69   84   74   89   73   75   98   100   81   76   108   87   105   80   96   83   105   89   125   88   90   70   94   84   86   73   86   82   71   87   83   84   89   92   79   95   69   85   88   74   78   71   80   85   92   71   53   17  
21   60   76   81   86   75   69   81   84   68   83   80   89   81   104   79   104   94   95   80   94   89   105   110   77   87   97   110   84   107   134   106   93   95   106   96   105   84   97   84   104   82   84   80   85   91   94   95   68   79   94   88   92   64   93   79   92   75   68   24  
12   57   70   73   76   79   71   85   86   92   97   97   96   82   84   105   81   96   109   85   98   92   89   104   96   114   94   108   114   117   154   115   95   101   105   96   94   97   90   95   95   96   101   94   103   88   88   89   109   93   86   88   91   80   89   82   86   80   70   27  
18   55   70   72   75   87   80   90   88   88   84   94   88   89   92   96   111   91   106   90   113   91   117   89   115   114   118   131   113   136   130   123   122   107   130   126   92   101   122   129   111   104   113   123   83   103   100   101   104   93   73   85   102   91   85   100   79   84   70   22  
20   68   91   94   91   102   101   95   88   111   111   105   90   92   113   88   109   96   90   121   126   115   98   99   88   121   118   115   107   137   163   124   130   105   103   97   137   107   97   106   117   96   108   105   118   111   111   91   103   99   114   101   97   90   100   110   100   87   77   33  
22   61   82   94   106   103   99   97   88   117   112   124   107   106   115   98   131   105   114   114   99   124   109   111   121   128   104   132   139   161   163   144   129   111   119   128   135   102   120   111   121   113   117   140   108   142   126   113   106   95   122   100   104   117   93   106   113   106   81   30  
21   69   90   94   103   111   105   105   109   103   105   114   119   124   108   109   107   125   126   137   119   101   138   136   127   146   131   169   127   172   154   147   149   140   140   129   138   120   96   125   110   127   111   104   137   111   115   132   107   109   123   120   108   103   113   107   114   95   77   41  
21   86   83   104   95   111   112   110   115   106   112   146   130   129   143   119   117   131   129   111   134   133   138   140   143   142   135   145   150   178   181   172   171   132   135   145   120   145   160   128   140   116   117   132   148   134   114   124   137   96   148   145   110   125   107   97   104   97   79   25  
35   79   93   118   117   134   143   124   122   135   105   122   131   137   134   134   131   111   142   126   135   173   147   149   153   162   156   144   148   196   199   157   155   136   142   130   162   125   131   159   138   152   150   110   165   133   137   136   126   119   133   125   101   110   116   128   120   112   85   43  
34   85   101   123   108   117   123   116   113   123   147   152   145   143   147   142   155   146   167   153   136   136   144   136   137   147   153   153   177   214   249   154   192   152   145   147   158   150   148   155   153   136   158   136   145   140   136   133   146   140   132   124   114   129   128   128   110   127   109   32  
28   77   121   108   107   131   116   127   135   140   118   145   131   129   133   147   146   138   163   152   161   149   176   156   156   149   172   197   178   214   212   196   189   147   182   161   151   171   151   127   175   168   157   143   141   180   147   140   172   132   161   145   131   130   134   125   120   120   93   57  
23   103   131   119   160   134   128   147   135   140   134   143   155   161   148   167   140   159   171   152   154   181   170   177   188   173   166   194   199   235   235   191   191   178   188   163   171   163   161   158   172   164   163   154   150   169   145   151   153   161   133   146   149   133   143   140   147   114   93   42  
35   100   138   138   152   154   164   137   160   155   172   138   157   152   163   160   167   185   181   172   201   172   200   172   200   179   184   223   189   236   262   217   230   207   185   197   185   183   167   174   197   186   180   149   164   167   162   158   156   153   160   166   164   141   149   141   147   133   108   42  
36   103   115   126   133   154   139   145   168   161   144   158   171   170   169   177   181   168   175   170   181   211   215   176   203   190   211   205   232   284   284   219   255   239   224   250   223   212   205   186   199   171   165   179   196   172   178   177   163   155   188   165   157   163   174   141   133   141   127   57  
39   89   155   154   152   138   148   165   172   163   174   178   171   173   200   181   173   199   174   185   215   203   240   202   211   202   219   255   213   255   317   223   210   231   213   219   190   225   199   210   205   177   211   203   196   176   181   184   187   187   184   165   162   150   197   155   160   135   143   55  
37   107   133   150   163   160   169   174   158   181   168   156   183   172   207   151   180   205   197   190   205   191   217   219   207   210   227   226   228   305   328   253   257   232   207   279   214   231   190   222   178   197   170   178   207   220   186   175   176   186   170   185   177   198   168   161   151   158   145   66  
44   128   158   139   148   151   183   185   158   188   198   156   188   194   206   220   194   214   209   202   221   209   223   234   237   243   254   245   246   324   334   271   244   239   236   255   255   193   227   243   242   217   222   213   209   183   188   198   203   176   180   178   179   181   171   168   173   162   131   61  
47   126   150   161   180   157   158   197   186   216   210   200   198   208   202   212   209   228   213   246   256   238   246   252   257   281   258   272   260   328   375   274   270   280   257   264   272   234   234   259   217   218   248   203   205   266   219   207   216   193   194   170   170   190   189   182   165   176   149   74  
49   132   163   163   181   180   181   192   187   221   202   214   209   213   226   204   247   253   228   256   241   242   280   265   283   264   295   289   311   352   439   339   300   287   288   300   243   267   260   265   231   246   227   245   236   230   208   203   236   229   203   203   194   197   208   170   174   166   149   65  
52   144   174   169   169   209   196   223   213   211   230   229   222   227   238   229   254   245   237   257   282   243   262   276   304   275   311   339   325   414   425   351   329   317   297   293   283   277   275   271   258   266   231   232   232   242   203   256   239   211   214   206   182   204   198   200   196   161   150   63  
42   153   162   176   171   210   207   211   204   209   226   221   217   201   253   243   268   258   251   274   271   276   281   289   322   341   368   359   403   444   491   422   360   348   326   290   342   303   286   276   279   258   269   275   258   234   237   244   231   247   243   203   219   192   199   184   182   215   174   60  
51   153   174   204   196   188   190   189   218   242   237   251   230   254   259   267   292   273   304   278   290   322   313   328   316   360   362   392   445   523   604   436   379   354   332   311   349   322   319   292   304   305   264   281   234   283   238   257   228   218   215   201   236   196   179   207   171   180   144   74  
58   146   183   209   211   204   218   220   235   268   258   241   255   248   265   286   303   293   303   323   307   338   326   380   389   372   420   440   494   660   710   447   453   387   366   345   361   339   337   319   308   296   308   297   265   268   244   290   273   247   230   257   219   221   206   224   214   193   173   63  
58   162   184   221   253   223   230   286   226   269   294   273   268   334   340   375   349   370   371   418   391   413   427   434   428   514   517   592   637   1362   2746   633   499   542   471   445   421   391   427   389   417   375   367   369   362   339   308   303   304   276   265   269   244   241   229   230   213   228   170   76  
49   180   216   224   211   255   261   261   256   267   291   298   311   304   318   359   371   341   373   389   371   391   422   503   457   471   541   636   661   1012   1843   689   624   496   442   462   468   393   428   380   402   376   368   338   363   336   299   330   267   278   253   265   245   246   280   239   237   186   187   80  
62   151   210   214   206   217   244   226   265   256   277   278   295   298   317   324   350   355   322   372   405   391   355   430   453   479   491   537   627   775   1030   600   516   459   500   422   386   392   393   384   383   367   333   357   333   301   292   307   290   266   266   277   257   226   244   250   239   228   175   75  
58   158   204   213   227   216   218   237   235   254   245   296   269   281   298   315   331   345   362   358   388   385   432   373   416   470   481   567   616   685   947   576   544   483   435   441   392   396   349   379   335   319   347   313   355   317   294   303   279   277   261   260   233   256   245   214   207   207   209   89  
56   151   205   192   212   227   255   215   257   233   268   276   285   342   314   323   313   359   352   382   363   351   389   414   460   474   438   515   520   671   901   537   494   459   449   404   402   347   416   339   372   364   369   336   329   302   296   287   282   296   277   223   222   215   252   264   223   206   179   87  
56   181   199   196   199   209   225   256   256   256   264   271   302   286   312   339   329   336   344   327   395   360   378   383   340   455   465   470   509   637   778   514   453   448   433   405   389   375   372   383   361   360   350   305   295   327   341   288   294   263   240   239   244   235   238   231   231   208   166   85  
56   134   181   231   229   247   228   244   242   276   278   275   317   301   276   280   341   347   359   352   327   360   379   359   383   407   396   427   479   556   737   468   432   373   378   360   396   391   338   338   351   307   340   305   289   281   295   276   238   256   265   255   223   240   228   212   194   223   185   85  
70   160   185   183   185   185   213   239   245   259   245   288   285   284   291   301   308   305   271   317   333   335   385   348   343   435   410   397   438   511   670   495   423   364   344   374   329   355   323   351   301   284   313   365   295   283   261   271   254   280   251   232   232   219   208   202   188   191   165   80  
59   156   163   176   208   215   219   203   235   231   254   265   284   274   280   280   289   286   294   333   299   325   301   353   316   383   362   389   424   497   632   387   394   368   381   346   319   316   326   314   306   326   287   309   294   230   252   248   275   243   272   235   210   260   209   211   211   192   163   61  
56   132   153   203   211   204   208   207   223   246   235   238   232   233   259   290   278   258   295   318   275   314   338   304   355   334   372   362   362   412   583   410   374   339   342   343   298   319   290   312   293   267   288   287   279   234   238   267   246   244   238   236   194   216   200   196   202   195   142   67  
53   146   179   159   177   174   192   217   218   224   224   263   235   239   251   300   286   269   273   308   304   318   295   263   315   325   346   343   344   401   532   345   334   316   330   299   290   278   281   291   270   243   252   295   277   275   237   218   260   210   208   231   203   198   189   203   187   184   148   48  
53   117   166   174   170   195   173   202   191   208   191   238   234   227   214   228   246   277   257   248   285   289   280   263   283   304   296   306   351   378   505   337   298   272   291   304   276   246   268   285   255   263   221   212   225   249   198   194   224   215   226   194   234   203   175   172   178   168   146   47  
43   119   149   151   180   161   198   189   178   234   201   216   227   230   240   215   220   243   221   198   228   241   252   264   249   221   260   296   287   378   438   327   273   289   270   244   277   238   256   239   240   246   254   214   241   246   205   228   178   222   217   168   207   168   189   178   175   147   154   56  
42   109   135   136   174   173   158   177   150   160   206   195   200   228   213   208   217   201   235   271   217   195   241   243   258   248   268   287   276   310   436   279   255   260   262   244   269   236   219   234   229   212   216   223   214   217   218   201   186   192   187   170   169   162   175   161   147   145   120   39  
27   109   145   139   157   124   172   156   191   186   185   190   184   183   203   240   206   229   219   232   211   232   220   226   263   269   264   263   272   329   397   244   209   231   253   249   251   244   212   214   217   209   221   196   183   203   190   192   174   175   183   182   181   177   171   152   145   135   117   49  
33   92   109   125   132   158   143   152   147   156   170   179   195   167   186   218   202   176   195   226   209   196   197   220   209   250   222   216   244   298   388   263   248   211   210   213   250   193   191   197   184   200   200   208   200   182   214   187   151   176   167   193   140   163   177   185   119   142   123   38  
30   85   121   128   122   152   151   159   144   160   158   157   164   179   172   180   189   187   176   187   193   207   193   198   196   209   217   191   228   277   377   253   251   215   211   210   204   215   181   187   181   201   167   174   173   183   168   166   168   147   164   165   154   149   152   158   112   114   100   36  
23   82   118   135   142   140   134   122   142   161   138   140   151   191   187   159   186   167   165   177   180   174   197   194   177   201   222   231   191   249   350   207   207   197   199   169   179   174   170   185   187   162   169   166   163   158   125   167   148   153   128   142   151   128   120   127   111   107   93   36  
33   77   116   105   124   122   139   116   140   114   126   153   151   122   122   171   133   166   136   165   154   173   167   163   180   195   176   180   180   243   323   186   205   190   167   157   168   169   168   142   193   162   165   164   164   144   124   136   141   125   140   154   120   129   118   123   107   113   77   33  
19   74   85   119   121   109   147   117   144   144   148   133   150   131   127   134   125   156   166   142   149   170   151   175   182   190   153   167   177   209   297   160   157   183   170   170   144   142   152   160   138   138   165   126   138   122   134   164   132   133   125   132   129   111   116   112   122   94   86   28  
20   70   95   114   105   100   124   127   115   128   121   126   121   115   130   131   140   130   136   133   151   132   134   136   156   136   164   178   137   203   291   150   156   125   159   137   143   144   139   126   142   114   126   136   131   122   128   153   121   147   124   124   119   109   111   113   97   115   80   34  
13   56   85   95   94   133   108   110   135   116   132   135   103   137   131   104   119   138   125   123   110   148   131   113   136   129   142   147   164   179   275   139   135   141   142   141   124   125   114   139   143   129   139   120   135   117   126   108   107   92   104   99   123   100   120   105   110   84   65   21  
12   60   81   98   105   106   95   98   118   125   108   117   84   120   108   90   107   128   111   112   106   111   127   133   130   121   113   129   144   178   231   138   145   114   124   101   127   117   126   115   100   117   127   112   109   102   108   117   92   116   95   98   108   94   107   80   92   85   59   16  
25   53   79   83   78   84   108   97   93   110   99   108   95   91   101   83   107   109   89   99   111   92   95   99   110   102   123   121   103   141   190   107   105   110   108   109   98   101   102   118   97   96   91   96   110   105   104   93   80   78   104   100   93   87   89   88   89   95   73   20  
17   53   64   77   90   90   84   78   75   77   90   84   81   71   106   90   94   92   85   112   95   93   87   108   95   112   89   105   112   117   136   99   90   99   98   88   80   102   69   98   82   88   90   106   93   89   87   68   77   97   83   82   83   74   89   92   81   69   71   17  
17   53   77   88   76   80   77   83   88   84   91   72   77   77   79   87   76   86   72   83   67   89   72   93   95   85   98   101   93   106   138   97   122   94   86   92   75   85   74   75   65   67   63   58   73   76   65   74   74   61   75   95   78   77   76   82   80   67   56   17  
16   50   53   67   91   63   72   63   73   73   74   55   77   58   62   55   65   73   70   81   62   64   77   63   78   82   79   69   79   67   98   88   81   76   76   69   53   53   62   73   69   59   59   66   73   75   78   63   68   59   81   61   53   64   78   66   66   46   61   13  
13   41   54   59   51   61   67   63   57   67   53   54   67   52   58   51   52   62   60   59   56   70   60   59   50   65   56   72   64   73   67   71   68   63   56   59   52   57   54   53   70   60   40   53   47   58   56   62   53   57   52   51   48   54   73   45   43   52   54   18  
13   36   45   53   43   42   46   39   34   45   34   40   57   38   35   45   50   39   49   46   46   47   48   48   46   50   56   43   48   43   43   46   42   35   37   61   43   46   46   54   52   46   33   53   40   47   51   39   33   40   43   33   40   32   42   39   42   46   40   18  
5   19   32   33   28   25   29   18   31   35   37   31   37   27   28   26   28   25   26   30   36   26   21   27   24   25   31   33   29   39   33   25   28   36   24   19   25   36   29   24   32   28   42   31   47   20   33   34   28   21   35   29   22   27   21   34   24   21   20   8  
2   2   2   5   3   5   6   13   10   1   4   7   6   6   7   10   8   8   6   9   10   5   12   11   7   11   12   6   18   7   19   14   8   11   10   10   12   8   10   7   11   8   3   9   7   7   10   10   11   4   6   5   11   5   11   6   5   6   3   1  
