20  20
1   1   1   1   2   2   2   1   2   0   2   3   4   2   1   4   3   6   4   3  
1   4   8   8   4   14   6   5   8   11   11   14   6   9   7   12   7   9   5   2  
9   13   15   10   9   10   15   8   22   22   17   16   14   21   20   11   17   11   13   5  
6   17   16   14   14   13   26   14   17   24   20   24   12   15   15   16   18   17   15   9  
6   12   17   20   13   19   19   20   17   21   30   27   19   22   13   22   31   23   22   10  
5   32   15   15   27   30   32   25   28   30   37   22   21   31   20   27   26   30   22   13  
9   35   41   26   23   31   14   31   35   38   39   40   33   35   34   29   25   30   33   16  
14   29   38   39   36   34   38   48   42   73   85   51   37   40   39   37   27   31   29   15  
13   31   36   37   38   49   54   68   65   124   119   74   64   56   57   40   42   47   43   24  
15   37   54   53   64   70   95   91   106   196   229   105   89   66   64   68   33   41   47   24  
27   51   67   65   92   101   124   120   184   365   472   199   129   113   98   93   61   54   50   33  
23   33   48   64   69   78   98   113   131   200   244   143   115   103   97   79   68   78   41   28  
14   42   62   60   78   81   67   86   134   134   214   120   80   83   80   82   56   68   31   29  
25   32   52   59   64   69   57   71   87   118   131   83   72   77   71   57   55   45   36   22  
15   26   44   42   43   38   48   50   55   79   69   58   52   42   48   51   55   44   31   21  
16   22   37   33   27   37   32   47   45   44   51   40   39   40   25   35   34   26   16   16  
10   25   20   33   32   29   31   19   31   36   48   27   30   36   29   24   36   25   22   10  
6   22   16   15   16   24   22   12   18   13   29   20   27   16   16   19   19   20   24   10  
3   16   10   10   10   15   10   9   15   8   13   12   9   5   8   14   12   6   17   11  
2   4   5   1   6   4   3   4   3   3   0   1   3   2   1   4   0   1   2   1  
