80  80
0   0   0   0   0   0   0   0   0   0   0   0   0   0   0   0   0   0   0   0   0   0   0   0   0   0   0   0   0   0   0   0   0   0   0   0   0   0   0   0   0   0   0   0   0   0   0   0   0   0   0   0   0   0   0   0   0   0   0   0   0   0   0   0   0   0   0   0   0   0   0   0   0   0   0   0   0   0   0   0  
0   0   0   0   0   0   0   0   0   0   0   0   0   0   0   0   0   0   0   0   0   0   0   0   0   0   0   0   0   0   0   0   0   0   0   0   0   0   0   0   0   0   0   0   0   0   0   0   0   1   0   0   0   0   0   0   0   0   0   0   0   0   0   0   0   0   0   0   0   0   0   0   0   0   0   0   0   0   0   0  
0   0   0   1   0   0   0   0   1   0   0   0   0   1   0   0   1   0   0   0   0   0   0   1   0   0   0   0   0   0   0   0   0   0   0   0   0   0   0   0   1   0   0   0   1   0   0   0   0   0   0   2   0   1   0   0   0   0   0   1   0   1   0   0   0   0   0   0   1   0   0   0   0   0   0   0   0   1   0   0  
0   0   0   0   0   0   0   1   0   0   0   0   0   0   0   0   0   0   0   1   0   0   0   1   0   1   1   0   0   0   0   1   0   0   0   2   0   0   0   0   1   0   0   0   1   0   0   1   0   1   0   0   0   0   1   0   0   0   0   0   1   1   0   1   1   1   0   1   1   1   1   2   1   1   2   0   1   0   0   1  
0   0   0   0   0   0   0   0   2   1   0   0   0   0   0   1   0   1   0   1   0   0   0   0   1   0   0   1   0   0   0   1   1   0   0   0   1   1   0   0   3   0   0   0   0   1   2   1   0   0   0   0   0   0   0   0   0   1   1   0   1   0   0   0   0   0   0   0   0   1   1   0   0   0   0   1   0   0   0   0  
0   0   0   0   0   1   0   0   0   0   1   2   0   0   2   1   0   0   0   0   1   0   0   0   0   0   1   0   0   1   0   0   0   0   1   0   2   0   0   0   1   0   0   1   0   1   2   2   0   0   0   0   0   1   2   2   1   0   1   0   0   1   0   1   0   0   1   0   0   1   0   0   0   1   0   0   0   0   0   0  
0   0   0   0   0   0   1   1   0   0   1   0   0   1   0   0   0   1   0   0   0   5   1   1   0   0   1   0   1   0   1   0   0   2   1   0   3   2   0   1   0   2   1   1   0   0   1   0   1   0   1   0   1   1   1   0   0   0   0   0   1   1   3   0   1   0   0   1   0   0   0   0   0   0   1   0   0   0   0   0  
0   0   1   0   0   1   0   0   0   0   1   0   1   1   1   0   1   0   0   0   3   1   0   2   1   1   0   0   1   0   0   0   1   0   0   2   0   0   1   0   1   0   1   0   1   1   2   0   1   1   1   1   1   0   0   0   0   0   1   2   1   2   1   0   4   0   0   0   0   4   2   0   0   1   0   1   0   0   1   1  
0   2   0   1   0   3   0   0   1   0   0   1   0   1   2   0   0   0   0   0   0   0   2   0   2   3   2   1   1   0   1   0   1   0   2   0   1   1   2   1   0   0   0   0   1   1   2   1   2   2   0   2   2   2   1   0   1   1   2   2   0   0   0   0   3   2   0   0   0   3   0   0   1   1   0   0   1   1   0   0  
0   1   1   0   2   1   0   0   3   1   0   1   0   0   1   0   2   0   0   1   0   1   0   1   1   0   1   1   0   0   0   1   0   3   1   1   2   0   2   0   2   0   0   1   1   2   0   0   0   0   2   0   3   0   3   1   1   0   0   0   0   2   1   0   1   1   0   0   0   0   1   0   1   1   3   1   0   0   0   0  
0   0   1   2   0   0   1   1   2   4   1   0   0   2   2   1   0   1   3   0   1   0   1   4   1   0   0   2   0   0   0   3   0   2   0   3   2   0   2   2   0   2   4   1   1   1   0   1   1   0   0   0   1   0   3   1   1   2   0   3   1   1   1   0   3   0   2   0   0   0   1   3   0   2   1   1   0   2   0   0  
0   0   0   1   3   1   1   0   0   0   0   1   1   0   0   0   0   0   1   1   0   0   0   0   0   1   0   0   0   1   0   1   2   0   1   6   3   0   2   2   1   3   2   1   0   2   2   1   1   1   1   2   1   0   2   1   3   2   1   1   1   2   1   1   2   1   2   0   1   0   2   0   0   0   1   0   1   0   0   0  
0   0   1   2   2   2   0   2   2   1   2   2   0   3   1   0   0   0   1   2   1   1   2   0   2   0   3   0   2   2   2   1   0   2   1   1   1   1   1   1   1   1   3   0   1   3   0   0   0   1   0   1   1   1   2   0   2   0   0   0   2   1   2   1   1   0   0   1   2   2   1   1   2   0   0   1   2   0   1   0  
0   0   0   2   1   1   1   3   1   1   0   1   0   0   1   2   3   1   1   1   2   1   1   0   1   1   3   1   0   0   0   3   4   2   0   0   2   3   2   3   1   1   1   4   2   4   4   0   0   0   0   2   0   2   1   0   1   0   1   5   2   0   1   2   1   1   1   0   2   0   1   2   1   0   3   4   1   1   0   1  
0   0   0   0   0   1   0   1   1   0   0   1   0   0   2   2   1   0   0   1   1   0   0   1   2   2   1   0   0   0   0   2   0   0   2   1   0   2   1   0   0   1   0   1   2   0   1   0   1   0   3   0   1   0   2   0   1   0   2   1   0   0   2   2   0   3   1   2   2   2   0   0   1   1   1   1   2   0   0   0  
0   0   0   1   1   0   0   2   1   1   1   1   1   1   1   0   0   1   1   1   1   1   0   1   3   2   3   2   0   0   0   2   0   1   1   2   0   2   0   5   2   2   1   1   1   2   3   1   2   1   0   1   1   3   1   0   0   1   1   0   1   0   0   0   3   2   0   2   0   1   1   0   0   0   0   0   1   0   0   0  
0   0   1   1   0   0   2   0   1   0   0   0   1   1   1   1   0   0   1   0   3   2   2   1   0   2   3   0   1   2   3   1   6   0   0   1   0   3   0   2   3   1   1   3   2   1   1   2   0   4   1   3   3   1   1   1   0   1   2   1   3   0   3   1   2   3   4   2   2   3   1   0   1   2   3   2   1   0   1   0  
0   0   1   1   0   0   0   0   1   0   1   2   1   1   0   2   0   1   0   0   0   1   1   2   0   0   0   1   3   1   1   1   1   0   0   1   1   0   0   0   5   1   0   1   2   1   1   1   2   1   0   1   2   1   0   1   0   1   0   1   3   1   2   1   4   0   4   1   0   2   0   2   3   0   2   1   1   1   0   0  
0   0   0   1   2   3   0   1   1   1   2   1   1   4   1   2   0   1   1   2   1   0   0   1   3   1   0   0   1   1   1   3   0   0   1   2   0   5   1   0   1   4   1   2   1   3   1   2   1   1   0   2   3   3   1   0   1   1   0   2   1   0   0   3   1   4   0   2   2   0   1   2   2   0   1   1   3   1   0   1  
0   0   0   1   0   2   1   1   2   2   2   1   1   1   2   0   3   2   2   0   0   3   1   1   5   2   2   0   0   0   1   0   1   1   1   2   1   5   0   3   4   1   0   2   2   3   1   3   1   0   1   1   1   3   0   1   0   0   2   1   1   1   0   2   2   1   1   0   4   2   2   0   1   0   2   1   1   0   0   0  
0   1   1   0   2   2   4   1   1   0   0   0   2   1   2   1   1   3   0   2   1   2   1   1   2   2   2   2   3   1   0   1   1   2   0   1   1   1   3   0   1   2   4   2   4   3   0   1   3   1   2   1   3   4   2   0   0   0   4   2   2   2   1   1   1   1   2   2   1   2   1   1   2   0   2   1   1   0   2   0  
0   0   0   0   1   1   3   3   0   2   1   2   0   0   0   0   1   2   1   2   4   4   1   2   2   1   1   0   2   2   0   0   1   3   0   3   3   2   1   2   3   1   1   1   3   2   1   1   2   0   2   0   3   0   3   1   1   0   0   0   2   4   1   2   3   2   5   1   3   5   1   1   2   3   3   1   3   1   1   0  
0   0   1   2   0   3   1   2   2   1   0   1   2   0   1   2   1   0   3   2   2   1   2   2   3   3   3   3   3   2   3   1   4   2   0   2   2   0   2   3   1   1   1   2   2   0   1   0   2   1   3   2   1   4   1   3   1   2   3   0   0   3   2   0   1   0   0   2   4   1   2   2   0   1   1   1   0   1   0   0  
0   0   0   0   4   1   2   2   1   2   2   0   0   1   1   2   2   2   4   1   1   0   4   2   0   4   2   2   1   1   5   0   4   1   2   2   3   3   3   1   9   1   6   1   1   1   2   0   0   0   1   1   2   1   1   2   1   3   1   2   3   1   1   2   1   3   2   0   0   1   2   3   0   4   0   1   3   0   1   0  
0   0   2   1   1   2   5   2   3   3   3   1   2   0   4   2   0   1   1   3   1   4   5   0   0   1   2   1   2   4   1   2   3   3   1   3   1   2   1   0   2   0   1   2   3   2   3   2   0   2   0   3   2   6   1   2   1   3   5   1   1   2   3   0   1   3   1   0   6   1   3   1   4   0   5   2   2   4   2   0  
0   0   0   1   2   1   1   2   2   3   2   4   2   2   1   1   2   2   4   1   2   1   0   1   0   0   2   1   2   1   3   4   1   1   2   3   5   4   3   5   2   3   3   1   5   4   1   2   1   4   4   2   1   5   1   3   3   1   0   2   3   3   1   1   4   0   0   0   1   2   1   4   1   0   3   1   0   1   2   0  
0   1   1   1   3   1   4   4   3   2   2   4   4   1   3   0   1   1   1   2   4   2   1   1   1   1   2   0   3   2   0   1   4   2   4   3   2   3   2   1   3   3   3   1   2   1   1   2   1   2   5   1   4   1   1   3   2   2   1   1   1   0   4   1   0   2   2   4   1   2   2   2   4   3   3   1   2   1   1   0  
0   0   1   1   3   1   2   1   2   1   1   5   0   2   0   2   0   1   2   1   2   2   1   4   1   0   2   0   0   2   2   2   0   2   2   1   3   0   0   6   5   2   6   2   3   5   2   2   2   3   2   1   2   1   1   1   6   0   3   3   2   2   2   3   0   0   3   5   1   1   1   1   1   1   2   2   1   0   0   0  
0   1   2   1   3   0   2   3   3   3   0   3   0   2   0   4   2   1   3   3   3   1   1   3   1   1   0   0   4   2   6   1   0   3   5   3   3   2   6   5   3   2   6   1   4   4   1   1   6   0   0   2   1   3   3   3   4   1   2   0   2   5   2   4   2   4   0   2   3   2   3   2   2   0   1   1   0   1   2   0  
0   1   2   3   4   0   0   2   3   4   1   1   3   2   6   1   3   2   0   3   4   2   2   2   1   3   2   3   2   3   3   3   2   1   6   3   0   7   1   3   5   5   4   3   3   1   2   3   2   2   0   0   4   2   1   0   2   2   1   0   4   2   3   2   2   2   1   1   0   4   1   3   2   1   0   2   1   1   0   0  
0   0   0   0   1   1   2   4   3   1   2   2   2   2   4   1   2   2   2   3   1   3   3   3   8   1   3   2   3   6   1   6   1   3   2   0   7   12   4   2   9   6   1   5   3   6   5   4   4   3   0   2   4   2   5   2   6   2   3   2   1   2   3   3   1   3   1   2   3   2   1   2   2   1   2   3   3   2   2   0  
0   0   1   3   2   4   0   1   3   4   4   1   4   2   3   3   1   1   4   4   2   2   1   1   3   1   4   5   4   1   2   1   2   7   1   3   6   4   6   5   11   7   8   9   6   3   1   4   3   5   4   4   1   1   4   4   5   1   4   4   2   1   1   0   1   5   0   0   0   1   1   3   5   2   2   3   2   1   0   0  
0   0   0   1   7   1   2   1   5   1   1   3   1   1   3   3   0   5   3   1   3   6   1   6   5   2   3   7   4   4   5   7   5   1   4   4   2   5   8   7   5   6   1   6   5   5   7   4   1   4   7   3   5   3   8   5   2   3   5   2   3   8   3   3   3   6   1   1   1   2   2   1   1   3   1   2   0   3   1   0  
0   1   2   1   3   3   1   1   2   2   0   2   0   2   2   3   0   0   2   2   1   1   1   6   1   6   6   2   4   2   5   4   4   7   4   4   7   11   8   6   9   8   5   5   3   3   5   5   1   2   5   4   0   2   1   3   3   1   2   5   1   1   5   1   2   4   1   3   1   3   8   3   3   5   2   1   5   3   0   1  
0   0   2   1   2   2   0   0   1   1   4   2   5   0   4   3   3   1   3   5   3   1   4   1   1   3   2   5   3   4   4   3   5   4   3   2   6   6   9   8   22   6   5   6   3   6   3   2   5   8   4   4   4   2   2   4   8   3   8   5   1   1   2   1   3   3   2   4   4   2   4   5   2   1   3   2   1   4   3   0  
0   0   4   1   2   2   1   3   3   3   4   2   4   3   2   1   1   2   7   3   2   4   3   6   2   3   4   2   4   3   7   5   4   3   7   4   6   13   8   14   12   9   9   5   6   7   4   6   4   5   5   2   6   1   6   4   1   5   2   2   1   2   3   4   6   2   1   0   4   2   4   1   1   6   6   4   1   1   1   0  
0   0   2   1   3   5   0   0   4   1   4   4   3   1   2   3   7   5   3   8   4   2   10   3   3   4   5   4   7   4   5   3   4   3   5   2   4   9   10   12   17   5   3   0   7   8   5   6   6   4   6   4   3   3   4   1   3   7   4   2   3   5   4   1   1   3   1   2   0   3   3   1   2   4   0   3   1   3   2   1  
0   1   1   3   3   3   1   2   3   4   2   3   5   3   5   2   3   2   3   6   3   5   1   6   2   6   7   6   3   7   9   7   8   8   8   12   11   13   12   19   28   13   13   12   2   9   7   7   8   5   7   4   3   2   4   4   4   0   4   5   2   7   5   4   0   3   0   2   0   4   2   0   4   1   1   4   3   3   0   0  
0   0   3   1   2   3   1   4   5   3   3   4   3   1   0   4   6   3   3   3   6   3   6   2   7   8   12   11   5   6   6   3   5   5   8   7   8   12   9   12   22   14   11   8   10   10   5   4   9   5   4   4   5   3   12   4   3   5   6   3   2   5   7   2   0   2   3   3   2   8   1   4   3   2   8   2   3   0   1   0  
0   1   1   1   5   3   1   1   3   3   4   4   7   6   3   5   2   3   3   4   3   5   7   4   1   7   10   2   7   7   9   3   6   6   12   7   10   10   21   24   39   13   15   16   8   6   9   2   7   5   6   5   6   3   5   4   4   6   3   5   4   4   3   10   3   2   4   4   1   2   6   4   2   6   2   3   3   3   0   1  
0   2   0   3   5   3   1   3   4   6   4   4   3   6   5   6   13   6   7   10   6   14   17   4   14   11   7   16   11   3   10   8   20   11   10   17   30   24   36   39   129   24   22   20   23   25   10   17   13   13   9   11   7   10   11   9   12   9   6   9   9   11   5   8   4   3   5   5   7   4   5   1   4   2   4   5   6   2   2   2  
0   2   3   3   5   5   3   2   1   1   8   4   9   1   2   3   1   3   5   7   9   7   6   6   10   3   10   4   7   5   6   8   8   8   6   11   20   7   17   32   42   19   20   19   12   8   9   6   10   2   5   5   8   6   7   7   6   2   10   5   6   1   5   3   7   5   3   2   5   1   3   3   4   3   2   4   2   2   2   0  
0   0   5   4   2   1   8   3   5   7   5   5   4   3   6   5   4   5   5   4   8   1   6   3   3   8   3   4   13   7   5   5   13   8   16   12   15   20   20   28   32   22   17   18   17   11   7   11   13   5   8   8   2   7   9   6   6   5   4   6   11   4   5   4   3   3   4   4   3   5   2   6   3   5   1   6   1   2   2   1  
0   0   3   2   1   4   4   1   3   4   1   5   4   7   1   0   9   6   3   4   2   3   6   3   8   8   8   7   8   8   9   7   11   9   13   11   16   20   21   20   43   18   16   11   11   12   7   13   3   4   8   12   7   6   6   5   9   3   4   2   4   2   7   8   7   1   2   3   3   2   1   3   4   0   1   2   5   2   2   0  
0   2   2   1   2   1   3   2   5   4   0   0   6   5   7   4   3   4   5   5   8   5   4   3   7   6   8   4   5   9   12   4   11   5   5   12   16   11   12   17   34   13   9   10   13   11   10   7   8   15   6   7   7   5   9   4   7   1   4   5   3   2   6   5   7   6   2   4   7   3   2   0   5   3   1   2   5   1   0   1  
0   3   2   3   1   2   1   2   1   7   4   2   4   4   2   3   4   3   9   5   5   5   6   5   10   2   8   4   3   3   15   7   7   10   9   7   14   10   8   16   30   14   12   9   5   13   10   9   11   6   3   8   5   11   9   5   8   5   11   8   4   4   3   10   4   1   8   4   5   5   5   6   3   4   3   0   2   3   1   1  
0   1   1   1   2   2   2   2   3   3   2   1   1   2   2   5   5   3   2   3   3   6   5   3   4   9   9   3   6   12   8   10   9   4   9   12   12   11   17   20   24   12   10   9   7   10   7   12   3   11   6   8   6   8   6   5   5   9   9   6   9   6   5   6   8   6   2   2   3   2   7   5   2   0   3   4   3   1   2   0  
0   0   2   5   2   3   3   3   5   2   6   3   7   3   6   3   3   8   3   4   3   4   7   6   4   4   10   6   3   3   6   7   3   7   11   10   10   8   9   9   17   13   13   15   4   9   8   8   10   7   3   3   3   7   8   5   8   3   3   5   7   3   3   3   4   5   2   3   7   10   6   5   3   5   2   1   5   1   2   0  
0   0   1   0   3   2   5   6   4   3   5   5   1   7   4   5   5   9   9   10   5   7   4   1   6   1   4   4   5   5   5   4   5   11   11   16   8   7   12   8   33   16   14   8   12   7   7   11   5   3   13   4   7   7   7   8   7   3   5   3   5   11   8   5   9   4   3   3   8   5   5   6   3   1   3   3   4   2   1   0  
0   0   5   1   1   3   0   3   6   2   1   6   4   1   0   2   3   4   5   4   7   9   7   3   3   6   9   4   6   4   3   6   9   4   10   6   10   7   12   11   24   7   12   8   8   9   8   13   4   4   5   8   4   2   4   2   5   6   6   3   2   5   3   6   5   4   1   5   9   6   1   4   1   1   1   2   1   4   1   0  
0   0   1   1   3   2   1   2   2   7   4   4   3   4   7   5   2   7   3   4   2   4   7   6   5   3   7   3   9   4   8   10   5   8   5   12   12   2   9   12   20   12   12   3   8   4   3   5   6   7   5   4   4   4   7   5   10   5   4   2   4   6   7   1   3   3   0   2   7   6   3   2   3   1   4   2   3   2   2   1  
0   2   2   1   4   2   1   4   3   4   5   1   5   4   5   3   1   2   6   4   4   5   6   4   3   3   5   1   5   0   2   10   8   7   4   13   7   7   6   4   18   14   7   6   6   6   6   7   3   4   2   3   8   2   6   6   5   5   4   7   3   6   8   2   5   7   2   0   1   4   1   0   1   2   0   3   4   3   1   0  
0   0   1   2   1   3   3   6   0   4   5   5   3   3   3   3   2   5   4   3   8   6   5   6   1   4   7   5   2   7   9   3   12   6   4   9   7   9   6   6   15   9   6   8   6   4   6   6   9   3   5   5   6   5   7   8   5   4   6   0   3   3   3   3   5   3   3   3   4   3   4   2   3   4   2   0   3   1   1   1  
0   2   5   1   1   2   2   1   2   2   2   5   6   1   5   3   4   7   1   6   2   2   3   7   4   4   2   4   4   5   9   3   3   3   7   5   4   8   4   10   17   9   7   5   6   5   6   10   4   4   7   9   4   4   7   3   5   1   4   4   5   5   4   5   5   5   4   5   5   5   4   4   4   2   0   4   4   1   0   0  
0   1   2   1   3   0   1   3   3   5   4   4   5   2   1   5   2   3   4   3   6   8   2   3   1   6   3   5   2   3   3   5   11   4   1   2   4   8   8   8   16   8   1   4   6   8   4   4   4   3   3   1   3   3   8   5   2   9   7   4   6   3   1   3   3   3   2   2   3   3   0   0   2   1   3   1   1   3   2   0  
0   2   6   2   2   3   1   0   5   1   2   3   7   4   3   5   7   7   3   3   3   4   1   3   3   5   1   2   4   3   5   4   5   3   5   7   8   11   8   9   14   4   3   5   5   2   4   1   2   6   2   5   3   5   3   3   8   3   5   4   2   3   6   2   1   4   3   4   2   3   1   2   3   2   3   2   2   2   1   0  
0   2   1   2   1   1   1   2   3   2   4   1   1   2   1   1   4   4   3   4   1   2   3   4   2   4   7   4   4   2   3   6   5   3   5   4   1   6   5   7   11   5   3   3   5   0   2   4   4   3   4   2   2   3   3   1   4   3   2   3   4   4   2   3   6   0   5   7   3   1   3   4   3   1   0   2   1   2   1   0  
0   4   2   1   1   2   4   4   5   0   3   7   6   3   4   2   2   5   1   2   1   1   0   2   1   1   2   2   1   6   4   1   2   5   5   1   7   7   2   5   8   4   4   3   2   3   3   5   2   1   3   4   2   3   5   4   4   4   2   5   3   6   3   2   3   3   6   3   1   3   6   3   4   2   2   3   2   2   1   1  
0   0   2   0   1   0   2   1   1   3   1   3   0   4   1   9   2   3   3   1   5   2   7   3   2   1   5   7   1   2   4   3   2   4   5   2   4   5   11   5   13   3   2   2   4   3   5   7   6   5   5   4   3   2   4   0   2   3   4   1   4   6   4   3   2   2   2   4   1   4   3   1   7   1   1   0   4   1   1   1  
0   0   0   1   2   0   3   1   1   2   7   1   2   3   2   1   0   2   5   2   2   1   3   1   5   1   3   1   2   2   5   4   1   4   2   5   3   2   4   5   3   1   3   1   3   2   3   7   1   5   2   1   4   2   2   2   3   3   2   3   2   1   1   3   7   1   2   2   1   5   2   3   1   0   4   0   4   0   0   0  
0   0   2   2   0   2   3   0   1   1   3   3   0   2   0   2   3   2   2   1   3   2   2   0   4   1   1   3   4   1   5   3   3   0   3   3   5   3   3   1   6   4   1   4   3   3   5   3   2   3   3   1   2   2   4   5   3   1   2   2   5   3   1   0   2   2   1   2   1   0   1   2   0   0   1   0   3   1   1   0  
0   0   1   4   1   0   1   0   3   2   1   3   3   0   4   1   2   2   1   2   2   4   3   3   3   3   2   1   3   5   2   5   3   3   2   6   1   3   4   2   4   1   0   4   2   4   1   4   2   1   4   4   2   0   2   2   1   0   1   1   3   1   1   3   4   1   2   1   3   1   0   2   1   3   0   0   1   2   2   0  
0   0   1   1   3   5   3   0   0   1   3   4   6   3   0   3   1   1   1   2   4   2   4   1   1   3   1   4   2   1   2   4   2   5   3   3   3   5   2   4   4   2   5   0   2   0   3   2   0   3   3   4   3   3   5   1   0   0   3   0   5   3   1   2   1   2   1   3   2   0   2   1   2   1   1   2   1   1   0   0  
0   1   1   3   0   2   2   0   3   4   1   4   4   1   0   4   1   2   3   1   0   3   3   1   3   0   0   2   2   4   1   3   5   3   0   1   1   3   3   1   8   5   1   2   1   2   2   3   2   2   3   2   1   5   2   1   4   4   2   1   2   0   3   2   2   3   6   1   2   5   1   3   4   0   1   0   2   1   0   1  
0   1   1   4   4   2   2   2   1   1   3   1   3   2   5   3   3   2   4   2   2   0   1   3   2   3   4   3   1   0   3   1   4   1   4   1   2   2   5   1   2   3   4   3   3   2   0   1   0   4   2   2   3   5   4   4   1   1   0   3   0   0   1   1   0   2   4   4   0   1   3   3   4   0   2   1   0   1   2   0  
0   0   1   1   2   1   1   1   1   1   1   2   2   3   3   1   3   3   4   0   2   3   0   4   3   1   1   4   1   0   1   2   1   1   1   4   2   3   2   3   7   2   4   3   1   0   2   1   0   4   3   6   4   1   0   3   2   1   2   1   2   3   0   1   0   2   4   3   1   2   3   1   1   1   2   1   1   0   0   0  
0   0   0   2   1   1   0   3   1   0   2   0   2   1   2   0   0   3   1   1   1   1   3   2   1   2   4   0   1   1   1   0   2   0   3   3   0   5   1   5   5   2   0   3   3   1   1   2   1   0   1   0   2   0   1   3   4   3   3   2   4   4   1   2   2   3   2   3   2   3   1   1   2   1   1   0   2   1   1   0  
0   0   0   0   1   1   3   0   1   2   1   2   1   1   2   2   1   0   1   4   2   3   0   2   3   0   0   0   3   2   0   2   0   2   2   2   0   1   1   3   6   1   1   2   3   1   2   4   2   1   3   1   0   2   4   0   0   2   2   2   1   1   2   1   4   0   1   2   2   1   0   1   0   3   1   2   1   0   0   1  
0   0   0   1   0   1   1   4   0   0   1   0   1   2   0   1   0   3   2   2   2   3   0   0   1   2   5   1   1   2   1   0   2   2   1   0   0   2   1   2   4   1   0   1   1   3   2   0   3   3   1   0   3   0   1   1   1   2   0   1   0   1   1   2   1   2   2   1   3   0   3   2   2   3   1   2   0   2   0   0  
0   0   1   1   0   3   2   2   1   3   1   0   1   1   1   1   3   0   1   0   3   3   3   4   1   0   1   1   1   1   1   0   1   2   0   2   2   1   0   1   7   1   1   2   1   1   1   2   3   4   1   1   1   1   2   3   0   0   3   0   0   2   3   1   1   2   2   1   2   1   3   1   1   1   0   4   1   2   2   0  
0   0   0   0   0   0   1   1   1   2   1   2   2   1   0   2   1   2   0   1   0   2   0   1   1   0   2   2   0   2   1   1   1   1   1   1   1   1   0   0   4   0   1   1   0   3   0   3   2   3   0   0   1   2   0   0   0   2   0   1   1   3   2   2   0   3   1   0   1   1   0   2   0   2   3   1   0   1   0   0  
0   0   2   1   2   3   1   1   1   0   2   1   0   0   1   1   0   1   0   0   1   1   0   1   1   1   1   2   1   0   0   0   1   0   2   1   0   1   1   0   2   1   3   0   1   1   0   1   1   2   2   1   0   1   0   0   1   2   2   1   0   0   1   0   0   1   1   1   0   0   1   0   0   0   1   3   1   0   1   0  
0   0   1   0   1   2   1   3   1   1   1   2   2   0   0   0   1   1   1   2   1   2   1   0   0   0   1   3   1   2   0   2   3   0   2   1   0   0   2   1   2   1   3   0   1   2   1   0   0   1   1   1   0   1   0   0   2   0   0   1   2   1   0   3   2   1   1   4   1   2   0   0   3   3   2   1   0   0   2   0  
0   0   1   0   0   2   1   0   1   0   1   0   2   1   2   1   0   0   0   0   1   0   1   1   1   0   1   0   0   1   2   0   0   0   1   1   1   0   0   0   1   1   3   0   0   1   2   1   0   0   1   1   0   1   1   1   0   1   0   0   1   0   0   1   1   0   1   1   0   0   1   1   1   0   1   0   2   1   0   1  
0   0   1   0   0   0   3   1   1   1   1   0   0   0   0   1   2   0   1   1   1   0   2   0   1   0   0   1   0   0   1   0   3   1   0   1   4   0   0   0   0   1   0   0   3   0   0   0   1   2   0   0   1   0   0   0   1   2   0   0   1   0   2   2   1   0   0   0   0   0   0   1   0   2   0   1   1   1   0   0  
0   0   0   0   1   1   0   0   0   0   0   0   0   0   1   0   0   0   0   1   0   3   0   2   0   1   1   0   0   0   0   0   2   0   0   0   0   0   0   0   1   0   0   0   0   0   0   1   1   0   0   0   0   0   0   0   1   0   0   0   0   1   0   0   0   0   0   0   0   0   0   0   2   1   0   0   1   1   1   0  
0   0   0   1   0   1   0   0   2   0   1   0   0   0   0   0   2   1   0   0   0   0   1   1   0   0   1   1   0   0   0   2   0   0   0   0   0   0   0   1   0   0   0   0   0   0   0   0   0   1   0   1   0   0   1   1   1   0   0   0   2   1   0   0   0   0   0   0   0   0   0   0   0   0   0   0   0   1   0   0  
0   0   1   0   2   0   0   1   1   0   0   0   0   0   0   0   1   0   0   0   1   0   0   0   0   0   1   0   0   0   0   0   0   1   1   0   0   0   0   2   0   0   0   0   0   1   0   0   0   0   0   1   0   0   0   0   0   0   0   0   1   0   0   0   0   0   0   0   0   1   0   0   0   0   1   1   0   0   0   0  
0   0   0   0   0   0   0   0   1   0   0   0   0   1   0   0   0   0   1   1   0   0   1   0   0   0   0   0   1   0   1   0   1   0   0   0   0   0   0   0   0   0   0   0   0   0   0   0   0   0   0   0   0   0   0   0   0   0   0   0   0   0   0   0   0   0   0   0   0   0   0   0   0   0   0   0   0   0   0   0  
0   0   0   0   0   0   0   0   0   0   0   0   0   0   0   0   0   0   0   0   0   0   0   0   0   0   0   0   0   0   0   0   0   0   0   0   0   0   0   0   0   0   0   0   0   0   0   0   0   0   0   0   0   0   0   0   0   0   0   0   0   0   0   0   0   0   0   0   0   0   0   0   0   0   0   0   0   0   0   0  
