40  40
0   0   0   0   0   0   0   0   0   0   0   0   0   0   0   0   0   0   0   0   0   0   0   0   1   0   0   0   0   0   0   0   0   0   0   0   0   0   0   0  
0   1   0   1   1   0   1   0   1   1   0   2   1   1   0   1   0   2   0   0   2   0   2   1   1   2   1   1   0   1   3   1   2   1   3   3   2   2   2   1  
0   0   1   0   3   3   0   4   1   1   1   0   1   2   1   1   1   1   4   0   4   1   2   7   0   0   1   4   2   2   2   1   0   1   2   1   1   1   0   0  
0   1   1   2   0   2   3   1   2   0   9   4   2   1   2   1   3   3   5   2   3   3   2   3   3   3   3   1   0   3   5   4   5   1   4   2   1   2   0   2  
3   2   6   0   5   2   1   3   2   1   1   3   6   5   1   2   4   4   4   5   2   1   5   3   4   4   7   5   3   4   2   1   7   0   3   1   4   4   2   0  
0   4   4   3   6   2   3   3   1   5   1   5   2   2   1   4   4   10   5   8   6   8   4   4   3   3   2   7   8   5   5   3   6   4   1   6   2   3   3   0  
0   5   6   6   5   5   3   4   4   5   5   3   4   7   4   6   8   2   7   7   4   8   10   4   1   3   4   3   3   6   5   6   3   2   6   5   3   8   4   2  
0   1   2   3   3   3   2   5   2   3   3   2   9   6   0   4   1   6   4   6   5   3   5   5   4   4   5   3   2   4   1   4   8   5   5   1   2   2   3   0  
0   4   0   2   2   3   4   4   1   1   6   6   2   4   7   6   7   2   4   2   10   5   6   5   7   5   7   3   2   4   7   7   9   11   7   3   6   8   3   1  
0   2   7   3   6   6   7   5   6   5   4   3   11   2   2   5   2   6   11   4   10   5   9   7   3   4   10   2   2   5   3   5   8   3   8   5   3   5   5   1  
1   1   6   11   3   3   3   3   7   5   11   5   7   5   8   1   7   4   7   6   7   8   12   3   6   5   10   6   1   6   10   5   7   10   11   4   7   7   5   3  
0   3   8   7   6   3   3   6   5   10   4   10   10   10   7   9   11   6   8   9   12   10   4   3   3   7   8   7   7   6   7   5   5   4   6   9   5   3   4   1  
0   4   6   10   11   10   6   8   5   9   8   6   1   6   9   10   8   9   12   9   7   7   14   8   7   9   14   7   8   8   9   5   8   1   10   9   5   11   7   4  
1   4   8   11   8   12   7   5   3   6   10   7   3   4   7   5   8   10   8   9   13   12   11   7   8   9   8   6   10   8   5   10   2   14   5   6   9   8   4   1  
2   8   7   7   13   5   7   11   8   9   10   8   6   5   11   13   6   17   12   15   15   14   12   7   10   2   10   7   9   3   13   11   10   4   9   9   5   4   3   2  
0   4   8   7   11   9   10   11   6   13   8   8   13   14   14   10   13   6   29   17   33   23   18   14   15   10   8   15   14   13   6   7   10   3   6   7   10   10   8   2  
1   4   14   5   10   6   4   11   5   8   11   14   14   18   14   21   17   16   25   29   28   17   16   21   8   19   10   17   9   14   13   12   15   6   7   14   12   6   11   2  
0   8   8   4   8   12   12   10   7   18   10   14   9   13   14   19   16   16   31   39   49   25   22   15   22   15   13   16   17   17   5   10   14   7   12   14   10   15   7   4  
1   7   14   3   12   13   12   12   17   20   14   20   15   22   21   24   23   27   37   53   63   28   26   25   23   21   11   13   14   15   17   14   7   5   7   6   11   8   10   3  
1   6   13   7   14   15   17   12   14   13   17   19   23   35   25   21   22   34   40   66   88   50   34   20   26   19   17   25   18   17   15   22   7   14   13   15   13   15   9   2  
4   9   18   9   12   20   19   16   23   29   36   33   38   37   26   32   47   44   81   124   214   81   68   42   38   30   31   34   29   30   27   21   19   15   17   12   13   15   12   6  
0   14   8   16   19   16   18   12   24   16   14   18   27   22   36   26   41   52   71   89   115   62   51   38   25   36   22   26   23   16   21   24   14   13   13   12   12   10   10   5  
5   8   6   8   17   6   19   16   14   24   23   18   25   24   20   38   33   33   51   53   91   40   42   36   40   24   28   27   21   28   13   24   18   18   20   13   15   6   11   3  
1   9   9   10   13   12   13   16   19   12   16   21   21   28   24   31   23   42   41   55   66   47   30   35   31   20   24   24   25   23   25   17   23   9   22   23   10   10   10   4  
0   7   9   14   15   17   13   11   21   28   28   15   16   21   20   18   29   43   32   43   80   42   36   39   16   30   20   21   21   17   23   22   22   12   28   16   6   9   11   2  
2   5   11   8   16   14   16   20   12   17   15   23   14   16   18   30   28   34   28   31   64   28   24   21   20   14   18   24   25   17   19   18   18   4   18   6   7   9   12   4  
2   9   7   12   8   17   13   14   18   14   18   21   13   18   18   24   24   25   28   26   50   26   21   28   20   26   19   25   15   14   16   15   18   15   17   14   13   6   9   2  
3   11   8   5   14   13   18   14   19   13   21   9   15   11   12   17   23   15   31   33   42   13   21   13   15   11   14   19   22   20   14   12   11   11   11   3   8   9   8   3  
6   6   5   11   10   15   12   8   15   10   5   9   8   15   13   14   15   15   21   19   28   13   10   14   10   13   10   13   15   12   17   10   12   21   8   16   10   7   7   3  
0   3   3   7   7   12   9   13   7   11   10   14   9   16   7   16   11   14   14   25   20   8   12   22   17   12   11   8   11   10   13   11   12   10   11   9   9   5   9   2  
0   9   3   4   7   10   5   7   9   6   11   8   11   7   13   15   9   14   12   10   15   9   12   13   8   12   6   13   5   6   12   5   9   6   5   5   4   1   7   3  
1   6   10   5   8   12   14   7   5   7   9   9   7   7   9   10   15   7   12   10   19   8   5   10   7   12   12   9   8   6   10   8   8   11   9   7   7   4   5   1  
1   7   9   6   4   7   10   12   11   10   7   8   9   12   2   7   7   10   9   11   14   14   6   4   8   13   13   11   5   6   5   3   4   15   4   10   6   6   2   2  
0   2   4   6   4   5   5   6   4   7   7   7   6   4   7   3   4   10   6   10   14   6   8   9   4   5   4   8   9   9   10   6   9   8   8   3   6   4   4   2  
0   3   4   9   4   2   5   3   6   5   11   7   4   8   5   2   7   3   5   4   13   4   6   5   13   3   5   7   3   4   3   7   6   6   6   9   7   7   5   2  
0   3   5   4   4   6   3   4   4   1   4   2   3   7   3   2   3   5   3   1   7   5   5   4   8   3   4   0   5   4   4   5   4   3   2   3   2   8   2   1  
0   2   5   5   3   4   5   3   2   3   4   3   1   5   4   4   3   5   1   3   5   6   4   4   1   4   2   2   3   1   4   4   4   7   3   2   7   4   3   3  
0   1   2   4   2   1   0   2   2   3   4   4   2   2   0   1   6   1   4   0   2   0   3   1   4   0   1   0   4   0   2   4   1   0   0   1   5   1   4   1  
0   2   3   1   3   1   0   0   4   0   1   2   0   3   0   2   1   1   0   3   0   0   1   0   1   2   0   2   1   0   4   0   0   0   1   0   0   2   1   0  
0   0   0   0   1   0   1   0   0   2   0   1   0   0   1   1   1   0   0   0   0   0   0   0   0   0   0   0   0   0   0   0   0   0   0   0   0   0   0   0  
